  0.266444   0.682035   0.265491   0.129111   0.494605   0.297573   0.159962   0.720441   0.010055   0.093345  10.364437
  0.532762   0.887833   0.290213   0.414181   0.022335   0.061388   0.352280   0.485285   0.619461   0.816569  15.236222
  0.117137   0.627887   0.031250   0.177971   0.097222   0.733096   0.320391   0.984683   0.000450   0.318674   8.720408
  0.663842   0.331193   0.785440   0.598422   0.810059   0.245496   0.618372   0.474053   0.738682   0.297270  18.461235
  0.007533   0.564449   0.186665   0.586545   0.239229   0.297573   0.627050   0.829203   0.708400   0.257631  11.278347
  0.000734   0.740994   0.158658   0.802388   0.556839   0.939935   0.018570   0.217147   0.170400   0.305091  12.865551
  0.678024   0.409531   0.414093   0.665934   0.912434   0.245108   0.189726   0.258080   0.074222   0.958417  19.308064
  0.671439   0.319283   0.139891   0.885057   0.070031   0.038534   0.521832   0.813311   0.058999   0.758461  18.166792
  0.057643   0.739278   0.588772   0.076116   0.151930   0.083975   0.907727   0.105553   0.844772   0.673863   3.559871
  0.620574   0.735041   0.610961   0.249433   0.365898   0.294822   0.184996   0.712868   0.641622   0.405319  16.607255
  0.381731   0.363036   0.681315   0.897835   0.992361   0.708085   0.230360   0.467485   0.062330   0.280057  17.707613
  0.071843   0.290385   0.413946   0.834436   0.026022   0.260052   0.289663   0.624068   0.849391   0.798808   9.489695
  0.489326   0.865583   0.601095   0.745616   0.901950   0.162955   0.161360   0.074125   0.672314   0.260521  20.984661
  0.769218   0.507436   0.392265   0.173364   0.499355   0.643742   0.623889   0.406439   0.829084   0.629192  14.259719
  0.936947   0.718876   0.754661   0.631252   0.775813   0.384165   0.737941   0.326687   0.018356   0.728191  21.050279
  0.569528   0.515820   0.972216   0.150607   0.719025   0.532845   0.587124   0.228807   0.417946   0.427737  17.095949
  0.367237   0.457050   0.777898   0.405226   0.949933   0.153494   0.602863   0.479007   0.201266   0.130316  17.069447
  0.245337   0.309259   0.136753   0.878352   0.017269   0.359785   0.793903   0.450351   0.796707   0.127997  15.254081
  0.591397   0.143773   0.553954   0.315470   0.795847   0.768942   0.144323   0.298146   0.705172   0.297980  10.570674
  0.361839   0.971926   0.655953   0.998774   0.154861   0.807443   0.817622   0.457433   0.457003   0.783410  21.315747
  0.083651   0.940148   0.251044   0.528542   0.273439   0.519535   0.003693   0.484032   0.339636   0.362318   9.158819
  0.815133   0.351226   0.920120   0.694768   0.333178   0.980755   0.650285   0.057131   0.249288   0.897369  21.349751
  0.043927   0.004209   0.705041   0.357667   0.355388   0.994306   0.545078   0.168313   0.410805   0.763595   5.838217
  0.061656   0.373364   0.671610   0.763571   0.327534   0.159987   0.357452   0.990312   0.625940   0.322870  10.892361
  0.861767   0.219675   0.031353   0.435305   0.491697   0.537067   0.143336   0.946373   0.117655   0.127155  14.546861
  0.229634   0.261588   0.350444   0.272640   0.369689   0.279783   0.279670   0.682743   0.261681   0.533615   5.990798
  0.709921   0.361938   0.878899   0.154795   0.256373   0.784567   0.878679   0.123988   0.471149   0.171868  13.645048
  0.183346   0.324156   0.656475   0.575954   0.115444   0.951010   0.972487   0.502149   0.019516   0.256859   8.279249
  0.110390   0.263416   0.236050   0.386290   0.010673   0.195347   0.426146   0.181408   0.554642   0.052039   7.992638
  0.209583   0.730120   0.287279   0.821466   0.959970   0.358953   0.886747   0.532310   0.735331   0.990593  18.283026
  0.648649   0.338206   0.164259   0.746616   0.828526   0.790090   0.597198   0.872681   0.683119   0.612857  22.171643
  0.313104   0.785685   0.636198   0.526669   0.109065   0.731832   0.569146   0.212173   0.517873   0.803555  10.784624
  0.563582   0.467606   0.269639   0.570853   0.059560   0.981491   0.128368   0.886820   0.976850   0.962301  15.946104
  0.144001   0.662430   0.528837   0.339343   0.178752   0.277652   0.910129   0.118640   0.203260   0.036356  10.599961
  0.711124   0.733406   0.126076   0.195355   0.753839   0.372639   0.918364   0.599957   0.041839   0.529038  19.686538
  0.334771   0.310867   0.839081   0.734282   0.678667   0.535299   0.682011   0.696111   0.264275   0.085431  16.447130
  0.388892   0.814957   0.235560   0.217567   0.739782   0.747639   0.990191   0.143922   0.844894   0.386178  15.446064
  0.498539   0.418803   0.057090   0.124381   0.536428   0.977370   0.294786   0.854002   0.854589   0.358786  14.093016
  0.717090   0.038887   0.452192   0.047450   0.432866   0.166671   0.998828   0.806715   0.485464   0.074869   3.166728
  0.332236   0.743715   0.581954   0.685726   0.840688   0.437574   0.350406   0.065400   0.766694   0.743466  16.448089
  0.697730   0.086922   0.105949   0.308446   0.457604   0.109921   0.117682   0.664140   0.399356   0.459567  10.862401
  0.179696   0.961786   0.680634   0.111378   0.219841   0.514667   0.198370   0.905652   0.899707   0.519426   7.843037
  0.719699   0.227623   0.340546   0.482863   0.888922   0.990780   0.618473   0.319385   0.581215   0.288406  14.593547
  0.039495   0.333516   0.692490   0.517340   0.731341   0.527706   0.286309   0.869128   0.369333   0.592912   8.952231
  0.141508   0.641959   0.426875   0.627211   0.361438   0.078444   0.409434   0.698661   0.683164   0.117453   9.285227
  0.351001   0.986764   0.165169   0.826716   0.813365   0.864026   0.658790   0.795545   0.647169   0.204749  24.820326
  0.666502   0.960482   0.029260   0.007421   0.456275   0.933527   0.215612   0.016006   0.336246   0.086730  15.812990
  0.959483   0.462839   0.182806   0.154372   0.746059   0.671696   0.485921   0.324149   0.090165   0.894854  18.482551
  0.527129   0.521477   0.586371   0.122074   0.654943   0.867513   0.972782   0.279186   0.749333   0.708745  11.302923
  0.447259   0.359704   0.191429   0.004455   0.183855   0.802305   0.000366   0.474731   0.913410   0.474057   7.340348
  0.015331   0.094796   0.121957   0.793651   0.748427   0.687861   0.362927   0.061149   0.566908   0.346866  14.608492
  0.522752   0.438592   0.139185   0.476898   0.653359   0.707774   0.687245   0.728860   0.070605   0.067766  16.644404
  0.635406   0.895210   0.922617   0.813496   0.907021   0.085306   0.244416   0.707769   0.112656   0.421224  26.073351
  0.382943   0.436327   0.730407   0.156585   0.463077   0.636519   0.005918   0.852876   0.636389   0.953251   9.089860
  0.113668   0.631952   0.610652   0.025589   0.652588   0.458354   0.023981   0.692670   0.510025   0.583945   6.555476
  0.907107   0.045343   0.042771   0.930153   0.241732   0.959605   0.326019   0.166103   0.133395   0.913293  16.035720
  0.676030   0.107715   0.199622   0.727404   0.729780   0.752229   0.780261   0.463713   0.753961   0.153339  14.440077
  0.200841   0.086892   0.675728   0.640415   0.311207   0.786659   0.132130   0.013407   0.814237   0.173675  10.028472
  0.400099   0.490742   0.748545   0.853018   0.346416   0.015474   0.180159   0.853238   0.609762   0.988309  17.231805
  0.389280   0.810137   0.986074   0.247218   0.308143   0.204154   0.892344   0.850650   0.194793   0.680466  18.233048
  0.062663   0.837735   0.227730   0.584328   0.445580   0.847159   0.929431   0.945486   0.235496   0.719553  10.917214
  0.657035   0.500837   0.823000   0.016053   0.894981   0.485271   0.295523   0.594718   0.140017   0.505267  15.273111
  0.736445   0.743160   0.175090   0.810620   0.583136   0.721108   0.667866   0.209626   0.663696   0.833279  22.872305
  0.349746   0.178010   0.500129   0.202043   0.046742   0.480911   0.840349   0.726764   0.527167   0.542587   3.700809
  0.441749   0.132128   0.656318   0.224926   0.614249   0.330800   0.857141   0.715626   0.736068   0.525964   4.202180
  0.488322   0.095481   0.536000   0.736967   0.264111   0.105515   0.006403   0.067933   0.953678   0.383218  11.250506
  0.429157   0.199392   0.945652   0.807491   0.741123   0.599556   0.315844   0.352729   0.761660   0.515315  18.570040
  0.301763   0.047429   0.957168   0.560775   0.146373   0.379214   0.453243   0.171272   0.118093   0.310977  10.074728
  0.158651   0.326088   0.216011   0.002363   0.541556   0.845372   0.631385   0.166606   0.064507   0.102929   6.731722
  0.358154   0.103007   0.689523   0.466574   0.059540   0.879426   0.878102   0.891677   0.382307   0.777379   7.790143
  0.748587   0.478705   0.368116   0.042507   0.384044   0.778215   0.722435   0.221268   0.700972   0.738271  13.186117
  0.565744   0.364880   0.763618   0.649361   0.155479   0.690371   0.316090   0.907652   0.622031   0.459833  16.395886
  0.594687   0.111380   0.937767   0.622026   0.140043   0.539843   0.338248   0.775633   0.960052   0.131392  13.168219
  0.727209   0.659952   0.728760   0.563837   0.737145   0.018081   0.788876   0.774330   0.789765   0.103614  21.036231
  0.004700   0.952949   0.798785   0.450993   0.327649   0.872170   0.262648   0.042168   0.811639   0.603485   8.998651
  0.460043   0.727813   0.808303   0.205380   0.922998   0.561313   0.298660   0.486579   0.650693   0.786395  19.320232
  0.058687   0.264299   0.126174   0.159023   0.763305   0.719938   0.440684   0.366331   0.238270   0.849648  10.986646
  0.144670   0.473414   0.935024   0.530843   0.740472   0.495413   0.223788   0.524240   0.906806   0.026331  16.083800
  0.487853   0.199410   0.799910   0.538183   0.459318   0.136921   0.164863   0.330553   0.375126   0.617398  12.215160
  0.129255   0.195167   0.880667   0.432101   0.173838   0.536488   0.200693   0.938406   0.398188   0.280641   8.927096
  0.166629   0.795083   0.114300   0.233955   0.884816   0.272130   0.845610   0.045307   0.591075   0.977261  13.069488
  0.706315   0.388204   0.237684   0.465318   0.306101   0.007372   0.573937   0.218344   0.262772   0.851409  17.574772
  0.833206   0.849705   0.311201   0.704913   0.806435   0.463442   0.747018   0.742356   0.070284   0.878441  20.123896
  0.381121   0.754698   0.023881   0.422705   0.527530   0.124722   0.461913   0.453059   0.847037   0.028747  19.920067
  0.892981   0.530484   0.077445   0.577416   0.742388   0.060831   0.394152   0.731534   0.099463   0.542845  21.158394
  0.675513   0.429155   0.162152   0.811055   0.835235   0.868160   0.420359   0.669689   0.789951   0.458734  23.790615
  0.617385   0.971467   0.737649   0.421049   0.599711   0.539818   0.152133   0.822486   0.130034   0.954902  18.448620
  0.153134   0.146322   0.037659   0.372661   0.518651   0.777760   0.589159   0.192793   0.051154   0.224504  11.797682
  0.727324   0.391232   0.433132   0.463700   0.319368   0.748022   0.739897   0.446552   0.767545   0.252439  14.574384
  0.513214   0.142800   0.753751   0.949230   0.015106   0.855257   0.079956   0.424305   0.721703   0.973564  13.784635
  0.245964   0.369513   0.106026   0.852084   0.327520   0.753655   0.172995   0.941541   0.142399   0.215479  16.805873
  0.479937   0.990700   0.595649   0.248220   0.427612   0.417208   0.202949   0.593300   0.241885   0.612940  14.067363
  0.619853   0.876101   0.604688   0.744170   0.283650   0.734509   0.829981   0.783429   0.636476   0.285186  19.373735
  0.813027   0.312662   0.567325   0.423560   0.123794   0.264961   0.940791   0.767910   0.155440   0.625943  12.260027
  0.440382   0.443236   0.692383   0.794405   0.027370   0.659505   0.005871   0.964022   0.679481   0.624269  12.406337
  0.082609   0.422267   0.692223   0.828985   0.980400   0.896596   0.855841   0.758625   0.753204   0.940334  14.658096
  0.649350   0.514294   0.175751   0.460775   0.755616   0.172054   0.453880   0.222473   0.286873   0.653040  20.170958
  0.887489   0.372347   0.062423   0.842285   0.202040   0.690152   0.364096   0.472899   0.901552   0.497391  22.592590
  0.882880   0.486918   0.772904   0.024670   0.310578   0.085497   0.023067   0.441022   0.187966   0.261874  11.821921
  0.950932   0.675951   0.383514   0.292539   0.225875   0.035273   0.024924   0.805358   0.012146   0.234873  13.606837
  0.597234   0.297873   0.713059   0.270168   0.026079   0.245579   0.574712   0.211647   0.788316   0.511217   9.665466
  0.001601   0.090671   0.993913   0.749936   0.025674   0.282008   0.180333   0.266115   0.489385   0.104071  12.311309
  0.828045   0.569704   0.400456   0.418787   0.866263   0.203423   0.904208   0.370364   0.824766   0.084368  18.275306
  0.539732   0.326771   0.037561   0.759101   0.149213   0.110875   0.930784   0.261582   0.090594   0.992146  18.064990
  0.861255   0.355950   0.784844   0.158904   0.595340   0.174674   0.407935   0.179662   0.404521   0.056105  14.435385
  0.499748   0.353048   0.637852   0.011858   0.062218   0.507382   0.056658   0.247836   0.451349   0.015663   7.896377
  0.739568   0.381939   0.359176   0.445952   0.440737   0.136470   0.716045   0.817147   0.171381   0.681844  15.445385
  0.450389   0.131557   0.558376   0.464160   0.830077   0.947046   0.085300   0.876030   0.564490   0.589702  11.605382
  0.392457   0.382356   0.952199   0.180187   0.154442   0.633619   0.462248   0.899721   0.612790   0.897366  10.447086
  0.322077   0.113341   0.942471   0.504461   0.845288   0.663571   0.263122   0.742472   0.256255   0.959171  14.318593
  0.260804   0.684596   0.699448   0.893211   0.538393   0.928838   0.780675   0.937674   0.010576   0.048239  17.015745
  0.718611   0.671994   0.298804   0.477080   0.204140   0.983175   0.720590   0.442937   0.676574   0.504902  17.437194
  0.588981   0.578505   0.760745   0.192620   0.379714   0.539144   0.007566   0.871875   0.246318   0.040928  14.062090
  0.656432   0.840405   0.944117   0.154164   0.450366   0.662185   0.614960   0.311433   0.512988   0.106862  17.462727
  0.077718   0.248510   0.505595   0.926031   0.340182   0.951450   0.421976   0.199732   0.598973   0.624177  12.087062
  0.079559   0.248217   0.627003   0.133626   0.736514   0.962834   0.501480   0.498038   0.048751   0.160260   4.410170
  0.330315   0.123177   0.009949   0.831452   0.661710   0.405151   0.684897   0.641967   0.817965   0.869604  18.783713
  0.721951   0.033541   0.037985   0.617996   0.005550   0.843839   0.618317   0.908631   0.315586   0.497575  11.667273
  0.482831   0.420143   0.798655   0.840325   0.585781   0.067978   0.930133   0.842188   0.119144   0.124544  20.010774
  0.831427   0.722178   0.361397   0.600389   0.565711   0.127649   0.173816   0.991196   0.440169   0.470514  19.421858
  0.585572   0.430939   0.827429   0.192765   0.139619   0.713595   0.222967   0.225127   0.334069   0.758046  11.265572
  0.930397   0.631076   0.943497   0.148842   0.420872   0.835387   0.096738   0.409098   0.850837   0.790603  16.581816
  0.698745   0.700582   0.726563   0.111426   0.415532   0.135406   0.334083   0.866876   0.244802   0.912502  15.907655
  0.168562   0.259993   0.538937   0.239080   0.926719   0.053330   0.050974   0.291116   0.297103   0.415635   9.134084
  0.279409   0.710913   0.325604   0.961088   0.662258   0.000777   0.476446   0.051788   0.156916   0.208760  19.335924
  0.921344   0.386287   0.454163   0.438270   0.769769   0.711416   0.825781   0.991171   0.639484   0.801383  16.942396
  0.269835   0.974512   0.444095   0.595460   0.418249   0.663335   0.821726   0.105736   0.002689   0.931676  16.544401
  0.105226   0.172502   0.231522   0.688653   0.911773   0.514559   0.490911   0.127631   0.090752   0.213995  12.718010
  0.349159   0.587624   0.868019   0.960898   0.546731   0.608234   0.250609   0.104194   0.724438   0.645887  22.765017
  0.217281   0.534893   0.311771   0.479947   0.006320   0.971720   0.953089   0.102727   0.032123   0.518196   9.276935
  0.080727   0.275869   0.334912   0.988589   0.381006   0.706275   0.897742   0.156184   0.364741   0.458224  12.349563
  0.361079   0.303244   0.375422   0.833236   0.877444   0.015476   0.766094   0.327003   0.689018   0.919907  17.267740
  0.176781   0.795636   0.222693   0.362480   0.255848   0.297466   0.627272   0.161369   0.185752   0.253494   9.887165
  0.494760   0.328330   0.794750   0.746574   0.951820   0.096472   0.231275   0.991938   0.830904   0.549110  20.390815
  0.810127   0.226885   0.478052   0.899601   0.486964   0.313112   0.618872   0.227669   0.254140   0.184513  16.770642
  0.829499   0.663086   0.828542   0.073829   0.056610   0.872468   0.978668   0.445736   0.258393   0.519774  13.090224
  0.829228   0.209697   0.129840   0.022611   0.365400   0.177715   0.756867   0.320510   0.261117   0.495064   9.012998
  0.717651   0.257029   0.860550   0.223342   0.734306   0.690808   0.340939   0.032996   0.158108   0.198376  14.288517
  0.878615   0.537266   0.511206   0.141313   0.957368   0.107993   0.496483   0.192400   0.898837   0.396115  17.026802
  0.499813   0.260705   0.120375   0.571748   0.183920   0.985982   0.923180   0.658345   0.442010   0.851036  13.058099
  0.790814   0.722116   0.061294   0.690543   0.442392   0.646000   0.331473   0.212784   0.884920   0.200927  21.891237
  0.628624   0.037912   0.931879   0.090857   0.114607   0.480553   0.831200   0.327303   0.942713   0.621495   5.605807
  0.198982   0.200196   0.293140   0.096248   0.383778   0.826836   0.906285   0.383196   0.716137   0.253844   2.759445
  0.954540   0.328157   0.609488   0.381777   0.193345   0.688087   0.049227   0.504571   0.809992   0.918166  13.124681
  0.121175   0.729084   0.198995   0.059747   0.705302   0.288659   0.203669   0.581482   0.440270   0.360337   9.272444
  0.344931   0.690331   0.666644   0.100505   0.382535   0.670797   0.455043   0.310571   0.646035   0.758186  10.982536
  0.287726   0.271909   0.017577   0.262063   0.246649   0.883683   0.095027   0.931444   0.161956   0.442558  10.720536
  0.812744   0.390738   0.013381   0.642993   0.296397   0.302499   0.926361   0.351497   0.828155   0.429908  21.319153
  0.222431   0.237670   0.909874   0.895893   0.587500   0.943573   0.866040   0.140514   0.643799   0.004923  15.761696
  0.054599   0.274668   0.301446   0.935239   0.756793   0.429045   0.926861   0.346317   0.097529   0.992457  13.534563
  0.546269   0.371527   0.680913   0.332196   0.366340   0.291123   0.124023   0.688121   0.228316   0.698435  13.713518
  0.740583   0.880370   0.525569   0.245247   0.999624   0.303781   0.863591   0.676031   0.841190   0.631992  19.045990
  0.649127   0.855186   0.244477   0.721529   0.574876   0.372336   0.756182   0.881204   0.389268   0.820224  21.419419
  0.059113   0.117803   0.408454   0.098735   0.472197   0.504654   0.379517   0.536215   0.561865   0.739013   5.313413
  0.770523   0.287901   0.056093   0.417197   0.282655   0.508996   0.339354   0.020854   0.522707   0.976451  16.280897
  0.900155   0.241722   0.984721   0.639252   0.869967   0.212455   0.585842   0.523243   0.816396   0.759539  21.542039
  0.644559   0.172678   0.236673   0.787930   0.938808   0.241552   0.602057   0.245360   0.108565   0.372033  16.567713
  0.658691   0.599690   0.155525   0.125914   0.987820   0.246291   0.048266   0.227775   0.408348   0.405213  17.279469
  0.197371   0.330159   0.574994   0.262214   0.808999   0.045599   0.208576   0.029989   0.112873   0.269767   8.111353
  0.957725   0.730282   0.810715   0.708263   0.106575   0.612724   0.119687   0.746004   0.844065   0.683366  16.984367
  0.337065   0.304217   0.031807   0.314590   0.235541   0.362500   0.272528   0.832582   0.458695   0.084269  12.331607
  0.626246   0.825242   0.409399   0.157768   0.999626   0.529110   0.958904   0.949811   0.003792   0.427787  16.490577
  0.646672   0.308689   0.771661   0.566105   0.257257   0.885615   0.613801   0.976633   0.570647   0.342763  13.220690
  0.022444   0.351611   0.672431   0.869305   0.227670   0.929540   0.290729   0.881408   0.640625   0.574435  10.707160
  0.779889   0.593749   0.120603   0.226819   0.693081   0.388386   0.847933   0.559777   0.393345   0.355090  19.538821
  0.266124   0.755747   0.271810   0.173478   0.191212   0.353377   0.647453   0.756187   0.699945   0.333554   9.761909
  0.567382   0.283276   0.188740   0.757635   0.079477   0.068978   0.940972   0.965641   0.898409   0.889416  14.018580
  0.136628   0.640983   0.102153   0.821922   0.431057   0.851721   0.484948   0.769445   0.550606   0.660628  17.158872
  0.268206   0.751197   0.206210   0.871916   0.856694   0.418380   0.875529   0.440860   0.927640   0.447971  21.838243
  0.303711   0.624043   0.888376   0.422796   0.906241   0.126270   0.188764   0.208280   0.036536   0.023329  15.497594
  0.046377   0.465100   0.899451   0.834247   0.922457   0.994905   0.555191   0.176512   0.271768   0.878752  15.804311
  0.188718   0.232644   0.521393   0.612426   0.436878   0.537853   0.576377   0.269387   0.793554   0.400105   9.865960
  0.616901   0.929545   0.481690   0.444388   0.114107   0.207684   0.024661   0.404597   0.154649   0.044465  13.843424
  0.102010   0.707656   0.620086   0.851641   0.176153   0.888556   0.061348   0.476656   0.531067   0.728270  12.827652
  0.088586   0.909333   0.047440   0.118847   0.341331   0.275294   0.501932   0.185172   0.782062   0.099098  10.116586
  0.369998   0.417892   0.393012   0.931591   0.871186   0.991677   0.173435   0.679359   0.951969   0.645436  17.564948
  0.332690   0.504613   0.345320   0.100688   0.971495   0.932828   0.606488   0.818561   0.322273   0.595363  11.696229
  0.951272   0.784141   0.917248   0.563898   0.786767   0.997873   0.625803   0.292412   0.676422   0.337859  19.815021
  0.727005   0.885031   0.056863   0.040102   0.668240   0.211731   0.523995   0.169603   0.612267   0.162832  16.676911
  0.546166   0.141215   0.464456   0.813790   0.498962   0.243698   0.586277   0.714574   0.946358   0.622737  12.395997
  0.864190   0.569261   0.831042   0.993924   0.201367   0.711432   0.673117   0.637177   0.029080   0.856975  23.498825
  0.427786   0.842815   0.485733   0.612371   0.317348   0.030342   0.244164   0.728657   0.017395   0.048742  16.993420
  0.771217   0.059069   0.415040   0.291695   0.782194   0.220297   0.734037   0.042293   0.329912   0.483370   9.166949
  0.164857   0.133694   0.316964   0.155517   0.865139   0.225724   0.167485   0.149679   0.993516   0.800024   7.405395
  0.363524   0.403716   0.281408   0.709036   0.233422   0.325626   0.660993   0.341821   0.847696   0.249249  15.479676
  0.067911   0.877131   0.585362   0.661874   0.335740   0.912209   0.317531   0.042604   0.427235   0.533661   9.636516
  0.252981   0.880798   0.180019   0.976021   0.776205   0.778424   0.532523   0.802472   0.230592   0.986102  20.304947
  0.570212   0.132891   0.685591   0.721281   0.152243   0.475048   0.928468   0.480703   0.294103   0.969018  11.598487
  0.643052   0.433762   0.040352   0.828877   0.409485   0.848382   0.793378   0.090935   0.934337   0.922450  21.655651
  0.853446   0.831890   0.550268   0.317420   0.183168   0.543257   0.769315   0.058733   0.955292   0.079676  12.939870
  0.877504   0.804187   0.615405   0.587786   0.767797   0.717992   0.610944   0.651106   0.915673   0.564984  18.364043
  0.845581   0.388446   0.264886   0.554837   0.313245   0.055011   0.583890   0.212060   0.445635   0.114597  16.499141
  0.260827   0.438495   0.193156   0.611696   0.973615   0.121942   0.706765   0.748142   0.433082   0.669105  17.598187
  0.254445   0.029526   0.871104   0.160480   0.032286   0.423693   0.751444   0.823503   0.866865   0.394905   4.281468
  0.038978   0.234136   0.604785   0.942984   0.348978   0.938905   0.130148   0.661614   0.537779   0.546529  10.552329
  0.555455   0.902595   0.965073   0.963710   0.788214   0.328648   0.426486   0.624087   0.826960   0.896129  27.451021
  0.918368   0.019377   0.630928   0.010472   0.918464   0.287588   0.016085   0.706308   0.733481   0.067956   4.315702
  0.825544   0.649661   0.428904   0.786274   0.152076   0.046231   0.600875   0.512081   0.746340   0.033007  18.914051
  0.208988   0.333686   0.748103   0.408705   0.421772   0.867350   0.413620   0.049280   0.397665   0.672894  11.522084
  0.007731   0.104832   0.833569   0.495004   0.363357   0.472141   0.684608   0.126576   0.450337   0.814903  10.270030
